,Acc Autocorr,Acc Crosscorr MZ,Acc Crosscorr DZ
0,1.0,0.6470588235294118,0.041666666666666664
1,1.0,0.6764705882352942,0.041666666666666664
2,0.9875,0.7058823529411765,0.08333333333333333
3,0.9878048780487805,0.6388888888888888,0.0
4,1.0,0.6764705882352942,0.08333333333333333
5,0.9878048780487805,0.6666666666666666,0.041666666666666664
6,0.9875,0.7058823529411765,0.041666666666666664
7,0.9859154929577465,0.7058823529411765,0.041666666666666664
8,0.9875,0.6470588235294118,0.041666666666666664
9,0.9859154929577465,0.6764705882352942,0.08333333333333333
